0
-14.33
-14.32
-14.32
-14.37
-14.38
-14.37
-14.37
-14.38
-14.37
-14.37
-14.36
-14.36
-14.33
-14.33
-14.32
35.18
35.18
35.18
35.18
35.18
35.18
35.18
35.18
35.18
35.18
35.18
35.18
35.18
35.18
35.18
35.18
35.18
35.18
35.18
35.18
35.18
35.18
35.18
35.18
35.18
35.18
35.18
35.18
35.18
35.18
35.18
35.18
35.18
35.18
35.18
35.18
35.18
35.18
35.18
35.18
35.18
35.18
35.18
35.18
35.18
35.18
35.18
35.18
35.18
35.18
35.18
35.18
35.18
35.18
35.18
35.18
35.18
35.18
35.18
35.18
35.18
35.18
35.18
35.18
35.18
35.18
35.18
35.18
35.18
35.18
35.18
35.18
35.18
35.18
35.18
35.18
35.18
35.18
35.18
35.18
35.18
35.18
35.18
35.18
35.18
35.18
35.18
35.18
35.18
35.18
35.18
35.18
35.18
35.18
35.18
35.18
35.18
35.18
35.18
35.18
35.18
35.18
35.18
35.18
35.18
35.18
35.18
35.18
35.18
35.18
35.18
35.18
35.18
35.18
35.18
35.18
35.18
35.18
35.18
35.18
35.18
35.18
35.18
35.18
35.18
35.18
35.18
35.18
35.18
35.18
35.18
35.18
35.18
35.18
35.18
35.18
35.18
35.18
35.18
35.18
35.18
33.49
1.48
1.67
1.78
1.82
1.76
1.66
1.58
1.4
1.24
0.99
0.67
0.34
0.15
0.09
0.08
0.09
0.13
0.15
0.16
0.19
0.2
0.15
0.11
0.07
0.02
-0.07
-0.15
-0.24
-0.34
-0.49
-0.61
-0.76
-0.92
-1.11
-1.33
-1.51
-1.71
-1.88
-2.11
-2.32
-2.55
-2.76
-3.01
-3.27
-3.54
-3.81
-4.09
-4.38
-4.69
-5.02
-5.39
-5.83
-6.2
-6.61
-6.94
-7.15
-7.17
-7.09
-7.15
-7.31
-7.54
-7.79
-8.06
-8.3
-8.53
-8.98
-9.92
-12.54
-15.41
-17.73
-18.12
-18.15
-18.17
-18.14
-18.13
-18.12
-18.15
-18.19
-18.21
-18.23
-18.25
-18.26
-18.27
-18.31
-18.35
-18.38
-18.4
-18.44
-18.47
-18.47
-18.48
-18.48
-18.48
-18.49
-18.51
-18.51
-18.53
-18.54
-18.57
-17.94
-14.91
-11.6
-9.21
-9.06
-8.95
-8.89
-8.76
-8.62
-8.5
-8.41
-8.34
-8.21
-8.08
-8.01
-7.94
-7.83
-7.73
-7.67
-7.64
-7.63
-7.6
-7.61
-7.61
-7.65
-7.7
-7.71
-7.71
-7.82
-8.01
-8.2
-8.23
-8.1
-8.0
-7.99
-7.99
-7.95
-7.91
-7.84
-7.73
-7.63
-7.52
-7.44
-7.33
-7.23
-7.14
-7.04
-6.97
-6.87
-6.79
-6.69
-6.63
-6.55
-6.49
-6.43
-6.41
-6.38
-6.4
-6.4
-6.41
-6.41
-6.44
-6.48
-6.48
-6.5
-6.5
-6.55
-6.6
-6.66
-6.7
-6.75
-6.8
-6.83
-6.87
-6.92
-6.96
-7.02
-7.05
-7.1
-7.12
-7.16
-7.19
-7.21
-7.23
-7.25
-7.24
-7.26
-7.3
-7.31
-7.31
-7.32
-7.3
-7.3
-7.26
-7.26
-7.23
-7.23
-7.18
-7.14
-7.1
-7.05
-7.04
-7.0
-6.96
-6.92
-6.86
-6.83
-6.79
-6.73
-6.68
-6.61
-6.57
-6.56
-6.55
-6.55
-6.56
-6.56
-6.56
-6.59
-6.65
-6.7
-6.81
-6.91
-7.01
-7.14
-7.28
-7.42
-7.58
-7.77
-7.97
-8.11
-8.24
-8.36
-8.44
-8.41
-8.33
-8.25
-8.24
-8.27
-8.28
-8.33
-8.38
-8.45
-8.49
-8.54
-8.6
-8.65
-8.68
-8.73
-8.76
-8.81
-8.86
-8.99
-9.1
-9.19
-9.27
-9.32
-9.37
-9.36
-9.35
-9.31
-9.29
-9.25
-9.23
-9.22
-9.19
-9.18
-9.15
-9.15
-9.15
-9.11
-9.11
-9.12
-9.14
-9.16
-9.18
-9.22
-9.23
-9.27
-9.29
-9.31
-9.33
-9.37
-9.41
-9.43
-9.46
-9.46
-9.48
-9.49
-9.49
-9.52
-9.52
-9.52
-9.51
-9.5
-9.5
-9.5
-9.47
-9.44
-9.43
-9.4
-9.37
-9.37
-9.37
-9.37
-9.36
-9.37
-9.34
-9.36
-9.34
-9.36
-9.31
-9.3
-9.29
-9.25
-9.24
-9.21
-9.18
-9.17
-9.16
-9.11
-9.07
-9.02
-8.98
-8.94
-8.91
-8.86
-8.83
-8.75
-8.69
-8.62
-8.55
-8.48
-8.36
-8.24
-8.12
-7.98
-7.83
-7.68
-7.49
-7.31
-7.12
-6.9
-6.71
-6.53
-6.31
-6.1
-5.86
-5.63
-5.42
-5.25
-5.05
-4.86
-4.67
-4.46
-4.24
-4.05
-3.82
-3.59
-3.35
-3.16
-2.97
-2.78
-2.58
-2.36
-2.16
-1.95
-1.72
-1.52
-1.32
-1.12
-0.93
-0.73
-0.54
-0.34
-0.17
0.02
0.18
0.35
0.53
0.7
0.85
0.99
1.12
1.24
1.38
1.52
1.67
1.81
1.95
2.07
2.23
2.38
2.55
2.7
2.88
3.05
3.24
3.42
3.59
3.77
3.96
4.19
4.45
4.74
5.08
5.39
5.69
5.96
6.2
6.42
6.65
6.87
7.08
7.28
7.48
7.68
7.88
8.07
8.28
8.48
8.68
8.88
9.07
9.28
9.49
9.7
9.92
10.15
10.38
10.62
10.84
11.08
11.29
11.54
11.78
12.0
12.21
12.42
12.64
12.87
13.1
13.32
13.52
13.72
13.93
14.13
14.35
14.55
14.75
14.96
15.13
15.36
15.55
15.74
15.93
16.11
16.26
16.44
16.62
16.8
16.99
17.16
17.34
17.52
17.68
17.85
18.04
18.2
18.36
18.52
18.67
18.84
18.99
19.14
19.28
19.41
19.54
19.66
19.78
19.91
20.03
20.13
20.21
20.29
20.36
20.43
20.51
20.58
20.62
20.67
20.71
20.78
20.82
20.88
20.94
20.95
20.97
21.0
21.04
21.1
21.15
21.21
21.26
21.29
21.38
21.43
21.52
21.58
21.66
21.73
21.8
21.86
21.92
22.0
22.07
22.11
22.17
22.21
22.26
22.3
22.37
22.41
22.46
22.51
22.53
22.6
22.64
22.72
22.77
22.82
22.87
22.94
23.0
23.07
23.11
23.16
23.21
23.24
23.28
23.34
23.36
23.38
23.4
23.38
23.39
23.38
23.4
23.38
23.35
23.34
23.31
23.3
23.29
23.3
23.31
23.3
23.32
23.31
23.32
23.33
23.33
23.33
23.31
23.27
23.27
23.28
23.3
23.31
32.21
35.18
35.18
35.18
35.18
35.18
35.18
35.18
35.18
35.18
35.18
35.18
35.18
35.18
35.18
35.18
35.18
35.18
35.18
35.18
35.18
35.18
35.18
35.18
35.18
35.18
35.18
35.18
35.18
35.18
35.18
35.18
35.18
35.18
35.18
35.18
35.18
35.18
35.18
35.18
35.18
35.18
35.18
35.18
35.18
35.18
35.18
35.18
35.18
35.18
35.18
35.18
35.18
35.18
35.18
35.18
35.18
35.18
35.18
35.18
35.18
35.18
35.18
35.18
35.18
35.18
35.18
35.18
35.18
35.18
35.18
35.18
35.18
35.18
35.18
35.18
35.18
35.18
35.18
35.18
35.18
35.18
35.18
35.18
35.18
35.18
35.18
35.18
35.18
35.18
35.18
35.18
35.18
35.18
35.18
35.18
35.18
35.18
35.18
35.18
35.18
35.18
35.18
35.18
35.18
35.18
35.18
35.18
35.18
35.18
35.18
35.18
35.18
35.18
35.18
35.18
35.18
35.18
35.18
35.18
35.18
35.18
35.18
35.18
35.18
35.18
35.18
35.18
35.18
35.18
35.18
35.18
35.18
35.18
35.18
35.18
35.18
35.18
35.18
35.18
35.18
35.18
35.18
35.18
35.18
35.18
35.18
35.18
35.18
35.18
35.18
35.18
35.18
35.18
35.18
35.18
35.18
35.18
35.18
35.18
35.18
35.18
35.18
35.18
35.18
35.18
35.18
35.18
35.18
35.18
35.18
35.18
35.18
35.18
35.18
35.18
35.18
35.18
35.18
35.18
35.18
35.18
35.18
35.18
35.18
35.18
35.18
35.18
35.18
35.18
35.18
35.18
35.18
35.18
35.18
35.18
35.18
35.18
35.18
35.18
35.18
35.18
35.18
35.18
35.18
35.18
35.18
35.18
35.18
35.18
35.18
35.18
35.18
35.18
35.18
35.18
35.18
35.18
35.18
35.18
35.18
35.18
35.18
35.18
35.18
35.18
35.18
35.18
35.18
35.18
35.18
35.18
35.18
35.18
35.18
35.18
35.18
35.18
35.18
35.18
35.18
35.18
35.18
35.18
35.18
35.18
35.18
35.18
35.18
35.18
35.18
35.18
35.18
35.18
35.18
35.18
35.18
35.18
35.18
35.18
35.18
35.18
35.18
35.18
35.18
35.18
35.18
35.18
35.18
35.18
35.18
35.18
35.18
35.18
35.18
35.18
35.18
35.18
35.18
35.18
35.18
35.18
35.18
35.18
35.18
35.18
35.18
35.18
35.18
35.18
35.18
35.18
35.18
35.18
35.18
35.18
35.18
35.18
35.18
35.18
35.18
35.18
35.18
35.18
35.18
35.18
35.18
35.18
35.18
35.18
35.18
35.18
35.18
35.18
35.18
35.18
35.18
35.18
35.18
35.18
35.18
35.18
35.18
35.18
14.88
-13.12
-12.98
-12.84
-13.04
-13.62
-14.06
-14.19
-14.22
-14.22
-14.24
-14.29
-14.3
-14.25
-14.2
-14.15
-14.16
-14.2
-14.22
-14.2
-14.2
-14.21
-14.22
-14.24
-14.24
-14.23
-14.19
-14.18
-14.18
-14.21
-14.22
-14.25
-14.22
-14.2
-14.15
-14.11
-14.06
-14.07
-14.11
-14.17
-14.2
-14.2
-14.17
-14.15
-14.12
-14.13
-14.14
-14.2
-14.31
-14.43
-14.55
-14.64
-14.72
-14.79
-14.78
-14.81
-14.82
-14.83
-14.78
-14.78
-14.78
-14.76
-14.72
-14.7
-14.64
-14.62
-14.58
-14.59
-14.58
-14.58
-14.55
-14.48
-14.43
-14.41
-14.39
-14.39
-14.41
-14.42
-14.41
-14.39
-14.36
-14.32
-14.29
-14.24
-14.22
-14.17
-14.13
-14.06
-14.03
-13.97
-13.91
-13.85
-13.78
-13.71
-13.63
-13.53
-13.45
-13.39
-13.25
-13.14
-13.03
-12.92
-12.81
-12.73
-12.62
-12.52
-12.39
-12.28
-12.19
-12.07
-11.96
-11.83
-11.7
-11.59
-11.48
-11.41
-11.33
-11.29
-11.23
-11.23
-11.17
-11.18
-11.31
-11.5
-11.54
-11.46
-11.35
-11.24
-11.15
-11.07
-11.0
-10.94
-10.88
-10.87
-10.87
-10.92
-10.99
-11.1
-11.25
-11.46
-11.69
-11.97
-12.12
-12.15
-12.05
-12.09
-12.22
-12.42
-12.65
-12.88
-13.09
-13.36
-13.58
-13.83
-14.07
-14.25
-14.35
-14.36
-14.5
-14.67
-14.81
-14.88
-14.94
-15.0
-15.3
-17.07
-17.43
-19.35
-20.43
-22.78
-23.03
-22.98
-22.92
-22.91
-22.87
-22.8
-22.73
-22.66
-22.6
-22.51
-22.43
-22.37
-22.32
-22.3
-22.25
-22.22
-22.16
-22.1
-22.04
-22.0
-21.96
-21.94
-21.93
-21.91
-21.91
-21.92
-21.91
-21.91
-21.91
-21.92
-21.94
-21.89
-21.83
-21.83
-12.93
35.18
35.18
35.18
35.18
35.18
35.18
35.18
35.18
35.18
35.18
-0.23
-10.04
-9.66
-9.27
-8.92
-8.73
-8.65
-8.61
-8.61
-8.58
-8.6
-8.56
-8.51
-8.39
-8.29
-8.18
-8.11
-8.1
-8.06
-7.98
-7.85
-7.75
-7.63
-7.51
-7.42
-7.35
-7.33
-7.36
-7.41
-7.44
-7.41
-7.38
-7.29
-7.17
-7.09
-7.07
-7.04
-6.97
-6.89
-6.8
-6.73
-6.68
-6.62
-6.51
-6.39
-6.28
-6.2
-6.13
-6.05
-5.97
-5.95
-5.89
-5.87
-5.83
-5.84
-5.8
-5.8
-5.79
-5.8
-5.82
-5.87
-5.92
-5.95
-5.99
-6.01
-6.04
-6.06
-6.07
-6.07
-6.08
-6.06
-6.06
-6.06
-6.07
-6.07
-6.07
-6.08
-6.07
-6.05
-6.04
-6.02
-6.01
-6.02
-6.01
-6.04
-6.05
-6.07
-6.07
-6.08
-6.07
-6.08
-6.1
-6.11
-6.14
-6.16
-6.17
-6.19
-6.21
-6.23
-6.24
-6.26
-6.23
-6.22
-6.23
-6.25
-6.25
-6.22
-6.21
-6.17
-6.16
-6.14
-6.09
-6.06
-6.0
-5.92
-5.87
-5.81
-5.75
-5.67
-5.6
-5.53
-5.49
-5.43
-5.35
-5.29
-5.2
-5.16
-5.11
-5.04
-4.99
-4.92
-4.89
-4.86
-4.84
-4.8
-4.78
-4.77
-4.75
-4.72
-4.69
-4.66
-4.66
-4.67
-4.65
-4.65
-4.64
-4.58
-4.57
-4.54
-4.51
-4.48
-4.43
-4.42
-4.38
-4.36
-4.32
-4.27
-4.2
-4.15
-4.1
-4.08
-4.0
-3.94
-3.87
-3.79
-3.73
-3.63
-3.55
-3.46
-3.35
-3.26
-3.13
-3.02
-2.88
-2.76
-2.63
-2.52
-2.41
-2.29
-2.17
-2.08
-1.96
-1.85
-1.75
-1.64
-1.55
-1.46
-1.4
-1.32
-1.23
-1.16
-1.08
-1.0
-0.95
-0.88
-0.84
-0.79
-0.73
-0.67
-0.62
-0.6
-0.59
-0.54
-0.51
-0.46
-0.43
-0.4
-0.38
-0.35
-0.33
-0.29
-0.26
-0.21
-0.18
-0.13
-0.07
-0.01
0.06
0.12
0.19
0.27
0.35
0.41
0.48
0.57
0.66
0.75
0.83
0.92
1.01
1.09
1.18
1.25
1.33
1.4
1.48
1.56
1.63
1.73
1.84
1.95
2.01
2.1
2.17
2.25
2.33
2.38
2.43
2.47
2.53
2.6
2.67
2.77
2.84
2.91
3.01
3.08
3.17
3.29
3.41
3.54
3.66
3.77
3.9
4.04
4.19
4.36
4.53
4.68
4.87
5.05
5.22
5.42
5.6
5.76
5.91
6.1
6.29
6.48
6.62
6.75
6.89
7.03
7.17
7.31
7.44
7.59
7.73
7.82
7.92
8.02
8.12
8.22
8.29
8.34
8.41
8.46
8.51
8.58
8.64
8.7
8.76
8.81
8.88
8.95
9.02
9.08
9.15
9.22
9.27
9.32
9.38
9.4
9.43
9.45
9.45
9.45
9.46
9.41
9.4
9.4
9.4
9.39
9.38
9.37
9.33
9.32
9.29
9.25
9.2
9.16
9.12
9.06
9.04
8.98
8.92
8.89
8.81
8.73
8.68
8.6
8.55
8.46
8.37
8.28
8.2
8.14
8.08
8.01
7.96
7.89
7.85
7.82
7.8
7.78
7.75
7.74
7.75
7.74
7.76
7.77
7.77
7.77
7.75
7.77
7.78
7.81
7.82
7.84
7.86
7.89
7.91
7.95
7.98
8.01
8.03
8.06
8.07
8.09
8.13
8.15
8.16
8.16
8.17
8.17
8.17
8.19
8.16
8.16
8.15
8.14
8.15
8.16
8.17
8.18
8.21
8.22
8.22
8.22
8.22
8.22
8.21
8.23
8.18
8.16
8.15
8.15
8.11
8.1
8.08
8.08
8.08
8.08
8.08
8.07
8.07
8.08
8.07
8.07
8.09
8.06
8.05
8.02
8.02
8.0
7.99
7.96
7.96
7.95
7.94
7.89
7.85
7.84
7.81
7.78
7.75
7.72
7.67
7.64
7.6
7.56
7.54
7.53
7.51
7.5
7.48
7.47
7.46
7.45
7.41
7.4
7.4
7.39
7.36
7.34
7.33
7.3
7.26
7.23
7.2
7.19
7.15
7.12
7.06
7.01
6.97
6.9
6.83
6.76
6.67
6.55
6.43
6.31
6.15
6.01
5.87
5.72
5.58
5.43
5.28
5.11
4.95
4.75
4.58
4.4
4.22
4.01
3.79
3.58
3.39
3.15
2.89
2.62
2.36
2.09
1.79
1.48
1.19
0.9
0.61
0.31
0.03
-0.26
-0.51
-0.73
-0.94
-1.16
-1.4
-1.6
-1.79
-1.99
-2.21
-2.41
-2.59
-2.78
-2.98
-3.19
-3.4
-3.62
-3.84
-4.04
-4.24
-4.45
-4.66
-4.85
-4.99
-5.1
-5.19
-5.25
-5.3
-5.35
-5.41
-5.49
-5.58
-5.64
-5.72
-5.78
-5.85
-5.93
-6.02
-6.08
-6.16
-6.22
-6.31
-6.4
-6.48
-6.58
-6.7
-6.81
-6.94
-7.04
-7.13
-7.25
-7.34
-7.44
-7.52
-7.63
-7.73
-7.85
-7.95
-8.04
-8.14
-8.2
-8.24
-8.3
-8.38
-8.47
-8.52
-8.56
-8.63
-8.71
-8.79
-8.85
-8.89
-8.94
-8.97
-9.01
-9.04
-9.08
-9.13
-9.19
-9.22
-9.23
-9.26
-9.29
-9.3
-9.32
-9.33
-9.33
-9.34
-9.33
-9.33
-9.36
-9.37
-9.37
-9.38
-9.41
-9.43
-9.46
-9.49
-9.51
-9.53
-9.56
-9.57
-9.57
-9.59
-9.63
-9.62
-9.62
-9.64
-9.64
-9.64
-9.66
-9.64
-9.65
-9.69
-9.69
-9.7
-9.71
-9.71
-9.74
-9.75
-9.75
-9.77
-9.77
-9.77
-9.77
-9.75
-9.72
-9.71
-9.7
-9.72
-9.76
-9.78
-9.77
-9.76
-9.73
-9.68
-9.65
-9.63
-9.59
-9.55
-9.49
-9.43
-9.33
-9.19
-9.09
-9.01
-8.98
-9.01
-8.97
-8.81
-8.53
-8.22
-8.02
-7.88
-7.72
-7.56
-7.35
-7.11
-6.84
-6.57
-6.3
-6.02
-5.74
-5.48
-5.22
-4.93
-4.61
-4.34
-4.06
-3.85
-3.77
-3.68
-3.48
-3.19
-2.86
-2.57
-2.33
-2.13
-1.98
-1.78
-1.58
-1.34
-1.06
-0.81
-0.57
-0.33
-0.12
0.11
0.31
0.5
0.67
0.84
1.0
1.11
1.23
1.35
1.41
1.5
1.55
1.58
1.61
1.62
1.62
1.62
1.6
1.6
1.6
1.61
1.65
1.68
1.72
1.78
1.84
1.94
2.04
2.19
2.34
2.48
2.67
2.88
3.1
3.32
3.56
3.83
4.09
4.34
4.58
4.83
5.08
5.31
5.53
5.74
5.96
6.15
6.31
6.46
6.59
6.72
6.82
6.94
7.03
7.11
7.2
7.27
7.33
7.38
7.41
7.44
7.47
7.52
7.56
7.6
7.61
7.64
7.67
7.68
7.68
7.68
7.65
7.63
7.6
7.59
7.55
7.51
7.48
7.44
7.42
7.46
7.52
7.56
7.6
7.67
7.71
7.79
7.86
7.98
8.07
8.16
8.24
8.33
8.41
8.5
8.58
8.63
8.66
8.69
8.69
8.69
8.69
8.67
8.66
8.64
8.62
8.57
8.54
8.49
8.48
8.44
8.42
8.37
8.36
8.34
8.3
8.29
8.24
8.21
8.15
8.14
8.08
8.08
8.04
8.01
7.99
7.98
7.96
7.96
7.96
7.95
7.95
7.94
7.9
7.88
7.86
7.82
7.78
7.73
7.68
7.65
7.6
7.56
7.52
7.47
7.42
7.38
7.33
7.31
7.28
7.26
7.2
7.16
7.13
7.11
7.07
7.06
7.01
6.99
6.94
6.92
6.91
6.87
6.86
6.85
6.8
6.79
6.78
6.76
6.74
6.72
6.72
6.7
6.7
6.7
6.67
6.68
6.69
6.7
6.69
6.71
6.71
6.71
6.71
6.72
6.72
6.71
6.71
6.72
6.72
6.72
6.72
6.71
6.72
6.71
6.71
6.72
6.71
6.68
6.65
6.61
6.58
6.53
6.47
6.4
6.33
6.28
6.22
6.15
6.1
6.07
6.04
6.02
5.97
5.96
5.93
5.9
5.88
5.87
5.82
5.82
5.82
5.82
5.82
5.8
5.82
5.8
5.77
5.76
5.76
5.76
5.76
5.74
5.7
5.65
5.63
5.58
5.56
5.53
5.47
5.4
5.34
5.27
5.23
5.18
5.14
5.08
5.02
5.0
4.97
4.94
4.93
4.92
4.88
4.87
4.87
4.87
4.86
4.84
4.84
4.85
4.81
4.81
4.81
4.81
4.8
4.8
4.77
4.8
4.8
4.8
4.8
4.8
4.76
4.73
4.71
4.69
4.67
4.64
4.6
4.57
4.53
4.48
4.45
4.43
4.39
4.35
4.32
4.3
4.25
4.22
4.18
4.14
4.12
4.09
4.08
4.05
4.04
4.03
3.99
3.97
3.93
3.9
3.89
3.88
3.86
3.84
3.84
3.83
3.84
3.84
3.83
3.83
3.8
3.81
3.78
3.78
3.77
3.78
3.76
3.77
3.75
3.72
3.73
3.75
3.74
3.75
3.74
3.76
3.78
3.81
3.86
3.9
3.91
3.91
3.9
3.89
3.91
3.94
3.97
4.05
4.11
4.19
4.27
4.32
4.4
4.44
4.45
4.47
4.5
4.51
4.52
4.53
4.54
4.53
4.54
4.57
4.56
4.58
4.59
4.58
4.6
4.58
4.59
4.61
4.63
4.63
4.63
4.63
4.62
4.62
4.63
4.67
4.65
4.65
4.66
4.64
4.64
4.66
4.68
4.7
4.73
4.72
4.72
4.73
4.74
4.74
4.74
4.73
4.73
4.71
4.7
4.72
4.67
4.67
4.65
4.63
4.6
4.57
4.53
4.54
4.51
4.48
4.47
4.46
4.45
4.44
4.46
4.46
4.45
4.46
4.46
4.45
4.44
4.41
4.4
4.38
4.39
4.38
4.39
4.4
4.39
4.39
4.39
4.4
4.39
4.39
4.38
4.36
